verage Accuracy (CNN): 90.65700000000001
2026-06-12 18:34:10,223 [trainer.py] => Average Accuracy (CNN): 90.65700000000001 

Accuracy Matrix (CNN):
[[97.6 94.6 93.3 91.3 88.1 85.1 82.4 83.8 81.9 81.2]
 [ 0.  95.9 93.9 92.3 88.4 87.8 86.3 87.3 85.9 85.1]
 [ 0.   0.  95.8 94.7 93.3 92.9 92.5 91.5 90.9 90.4]
 [ 0.   0.   0.  92.5 89.  86.9 86.8 87.  85.5 85.6]
 [ 0.   0.   0.   0.  94.8 92.  90.4 87.7 87.1 86.8]
 [ 0.   0.   0.   0.   0.  90.3 86.  79.4 80.  80.6]
 [ 0.   0.   0.   0.   0.   0.  94.6 91.1 89.4 87.4]
 [ 0.   0.   0.   0.   0.   0.   0.  85.7 83.8 80.6]
 [ 0.   0.   0.   0.   0.   0.   0.   0.  91.2 90.6]
 [ 0.   0.   0.   0.   0.   0.   0.   0.   0.  86.6]]