recent——lora=2
2026-06-15 21:03:19,784 [trainer.py] => Average Accuracy (CNN): 90.83500000000001 

Accuracy Matrix (CNN):
[[98.1 95.5 93.3 91.2 87.  83.  80.  81.5 79.8 80.4]
 [ 0.  96.5 93.2 93.2 88.3 88.  87.3 87.2 86.1 85.2]
 [ 0.   0.  95.4 94.7 94.2 93.  92.7 92.8 92.8 92.5]
 [ 0.   0.   0.  92.5 90.2 90.6 88.3 87.  87.9 86.9]
 [ 0.   0.   0.   0.  94.6 91.8 89.4 88.6 87.6 87.5]
 [ 0.   0.   0.   0.   0.  90.1 86.5 82.9 82.6 83.3]
 [ 0.   0.   0.   0.   0.   0.  94.6 92.2 90.9 89.6]
 [ 0.   0.   0.   0.   0.   0.   0.  84.7 81.9 78.2]
 [ 0.   0.   0.   0.   0.   0.   0.   0.  86.2 86. ]
 [ 0.   0.   0.   0.   0.   0.   0.   0.   0.  84.3]]
2026-06-15 21:03:19,785 [trainer.py] => Forgetting (CNN): 7.011111111111109

recent——lora=1
Average Accuracy (CNN): 90.44
2026-06-16 11:15:54,088 [trainer.py] => Average Accuracy (CNN): 90.44 

Accuracy Matrix (CNN):
[[98.3 94.8 91.1 89.4 86.9 82.6 81.2 80.3 79.1 78.1]
 [ 0.  96.8 94.4 93.4 90.  89.7 88.9 88.5 87.4 87.2]
 [ 0.   0.  94.7 94.2 93.9 92.3 92.3 92.2 92.1 92. ]
 [ 0.   0.   0.  92.1 89.3 87.5 87.3 85.7 85.5 85.4]
 [ 0.   0.   0.   0.  92.9 88.3 88.1 83.8 82.  81.5]
 [ 0.   0.   0.   0.   0.  92.6 90.8 87.8 87.4 87. ]
 [ 0.   0.   0.   0.   0.   0.  93.8 91.2 90.3 89.2]
 [ 0.   0.   0.   0.   0.   0.   0.  81.3 79.4 79.1]
 [ 0.   0.   0.   0.   0.   0.   0.   0.  84.1 84. ]
 [ 0.   0.   0.   0.   0.   0.   0.   0.   0.  83.2]]
2026-06-16 11:15:54,090 [trainer.py] => Forgetting (CNN): 7.011111111111109

无recent——lora
Average Accuracy (CNN): 90.364
2026-06-15 22:47:03,812 [trainer.py] => Average Accuracy (CNN): 90.364 

Accuracy Matrix (CNN):
[[98.2 95.  91.1 89.4 87.1 82.6 81.3 80.5 77.9 78.2]
 [ 0.  96.5 94.2 93.1 90.  89.6 89.  88.4 87.2 87.7]
 [ 0.   0.  94.6 94.3 93.9 92.7 92.7 92.5 92.1 91.9]
 [ 0.   0.   0.  92.4 89.6 87.2 86.8 85.3 85.5 85.3]
 [ 0.   0.   0.   0.  92.6 87.3 87.  82.4 80.7 80.8]
 [ 0.   0.   0.   0.   0.  92.5 90.9 88.3 88.2 87.4]
 [ 0.   0.   0.   0.   0.   0.  93.6 91.  89.7 89.3]
 [ 0.   0.   0.   0.   0.   0.   0.  82.6 80.8 80. ]
 [ 0.   0.   0.   0.   0.   0.   0.   0.  83.3 83.7]
 [ 0.   0.   0.   0.   0.   0.   0.   0.   0.  81.9]]
2026-06-15 22:47:03,814 [trainer.py] => Forgetting (CNN): 6.933333333333331

"cms_recent_tasks": 2,
"k_cms_clusters": 2,

Average Accuracy (CNN): 90.405
2026-06-16 16:45:12,580 [trainer.py] => Average Accuracy (CNN): 90.405 

Accuracy Matrix (CNN):
[[98.3 94.8 91.  89.3 86.7 82.3 80.9 79.9 78.7 77.7]
 [ 0.  96.8 94.4 93.4 90.  89.7 88.9 88.5 87.4 87.2]
 [ 0.   0.  94.7 94.2 93.9 92.3 92.3 92.2 92.1 92. ]
 [ 0.   0.   0.  92.1 89.3 87.5 87.3 85.7 85.5 85.4]
 [ 0.   0.   0.   0.  92.9 88.3 88.1 83.8 82.  81.5]
 [ 0.   0.   0.   0.   0.  92.6 90.8 87.8 87.4 87. ]
 [ 0.   0.   0.   0.   0.   0.  93.8 91.2 90.3 89.2]
 [ 0.   0.   0.   0.   0.   0.   0.  81.3 79.4 79.1]
 [ 0.   0.   0.   0.   0.   0.   0.   0.  84.  83.9]
 [ 0.   0.   0.   0.   0.   0.   0.   0.   0.  83.2]]
2026-06-16 16:45:12,581 [trainer.py] => Forgetting (CNN): 7.055555555555553



"cms_recent_tasks": 0,
"k_cms_clusters": 2,
Average Accuracy (CNN): 90.42399999999999
2026-06-16 18:23:33,085 [trainer.py] => Average Accuracy (CNN): 90.42399999999999 

Accuracy Matrix (CNN):
[[98.3 94.8 91.  89.3 86.8 82.4 81.  80.1 79.  78. ]
 [ 0.  96.8 94.4 93.4 90.  89.7 88.9 88.5 87.6 87.4]
 [ 0.   0.  94.7 94.2 93.9 92.3 92.3 92.2 92.1 92. ]
 [ 0.   0.   0.  92.1 89.3 87.5 87.3 85.7 85.5 85.4]
 [ 0.   0.   0.   0.  92.9 88.3 88.1 83.7 81.9 81.4]
 [ 0.   0.   0.   0.   0.  92.6 90.8 87.8 87.4 87. ]
 [ 0.   0.   0.   0.   0.   0.  93.8 91.2 90.3 89.2]
 [ 0.   0.   0.   0.   0.   0.   0.  81.4 79.5 79.2]
 [ 0.   0.   0.   0.   0.   0.   0.   0.  84.  83.9]
 [ 0.   0.   0.   0.   0.   0.   0.   0.   0.  83.2]]
2026-06-16 18:23:33,087 [trainer.py] => Forgetting (CNN): 7.0111111111111075


"cms_recent_tasks": 2,
"k_cms_clusters": 3,

Average Accuracy (CNN): 90.432
2026-06-16 21:27:45,156 [trainer.py] => Average Accuracy (CNN): 90.432 

Accuracy Matrix (CNN):
[[98.3 94.8 91.1 89.4 86.9 82.5 81.1 80.2 79.  78. ]
 [ 0.  96.8 94.4 93.4 90.  89.7 88.9 88.5 87.4 87.2]
 [ 0.   0.  94.7 94.2 93.9 92.3 92.3 92.2 92.1 92. ]
 [ 0.   0.   0.  92.1 89.3 87.5 87.3 85.7 85.5 85.4]
 [ 0.   0.   0.   0.  92.9 88.3 88.1 83.7 81.9 81.4]
 [ 0.   0.   0.   0.   0.  92.6 90.8 87.8 87.4 87. ]
 [ 0.   0.   0.   0.   0.   0.  93.8 91.2 90.3 89.2]
 [ 0.   0.   0.   0.   0.   0.   0.  81.4 79.5 79.2]
 [ 0.   0.   0.   0.   0.   0.   0.   0.  84.  83.9]
 [ 0.   0.   0.   0.   0.   0.   0.   0.   0.  83.2]]
2026-06-16 21:27:45,158 [trainer.py] => Forgetting (CNN): 7.03333333333333